1.39297476767153 -1.83731892533098
-11.9737970429392 9.80189535609729
0.633617920304605 -5.66327735378856
4.93843116171288 3.18323357449407
-1.89887681640184 11.1991822051262
-1.01287983407657 -7.38498059648524
1.79634259343929 7.93494658788628
-5.73441197954108 3.63647162714555
-9.57363860231972 2.91088730800653
-0.554288420815795 -6.34714367259366
-1.13627167105117 3.44199455477897
1.48150239741959 -6.47582022036531
-6.58470060510626 1.53641949658352
11.2633657582166 1.68531832442396
5.35274693296597 4.70943090787576
2.99053135039737 2.58748079107177
-0.165920485902725 -6.56760273750869
-7.12074462271434 5.49140900966816
-1.66483055450209 -2.27137745843471
-5.30808762949894 4.64967110498158
7.27916213255524 3.4604195314616
-13.1253472476375 -5.31763545938543
-2.56704553312934 8.17151582625494
-0.162333461372401 -6.33913871269594
6.10346935860186 -1.33752853517754
1.18786200240117 -5.22089574500062
-5.77656518697801 3.5435303660838
-4.2869628146444 1.80167201632313
2.30830847520388 -5.50014966602546
-6.75487240232866 1.63448022336852
-3.35793708391303 -8.23640272095084
2.42574803432038 -8.04253802521275
0.127825485251642 -6.2324399284592
-1.84766448737538 0.446910679934278
8.42143727309501 0.359153948107242
-1.94195233004897 -3.66523586876258
-5.49711222796751 -1.01662849130717
-4.73251248957698 6.93551955743671
-4.99567336114551 3.20976435481338
3.99118670114883 2.99087874208415
5.86786479002244 3.65856222294052
5.19633354784962 -5.83389039932504
0.692141638632285 -4.80665314562988
-3.18534700196506 5.31773506540032
1.44047531977369 -5.95937294533476
-6.54447144309487 1.9617932788909
-0.970816892584758 -5.25455001873546
-3.97178591942764 3.74411619934964
-2.45880118293424 -10.1233908381333
0.881699497511478 -7.46712362672657
2.46864382211445 3.80281779171696
-0.564175379018437 -6.07047556129648
-1.25550496628962 -6.22654775357489
14.7517373847393 -0.143729690566111
-0.153602069168326 -10.5335199861841
1.30929508324274 -12.0869184287068
6.59628772098568 1.57787547138107
7.51612517961583 1.90706930806065
7.4302826059329 4.20851335289357
1.4038691993333 -7.50517534503402
8.45539908333592 2.86009522764093
-1.82083306043221 -6.23392801915625
4.63447182955775 1.07470986561147
17.1854171563759 10.0496668212521
7.22128735558356 -0.0276031388237432
-5.11731065968509 4.41911950782212
2.62028287673369 -6.48321120392623
2.64700061085971 2.79693676522958
-2.51876713632921 6.28281187376196
13.4776711717761 -5.65250915336271
-15.1786964800251 4.73681983851526
0.783981771845437 6.36021215680857
-13.6098690949071 0.0211648453773495
-5.50197114597253 1.06861895872718
-5.18746031980974 7.0070637518714
-2.559568706174 -5.52626834386648
-5.7400898142965 2.05197341575363
-0.733564288253712 -3.60741702682503
3.32461884427395 3.09732221260818
4.86561580238707 4.66794274624898
-8.84001055608791 3.59166476493744
5.00798112620705 2.24311669150292
-6.05478705822079 2.65807866560828
8.67551630534051 2.225747851493
-2.04050924548307 1.67373452822291
-5.43537634648992 0.274716355194542
3.86353703200769 -1.42223590352255
6.96649516088255 4.32656988543695
0.816417559913069 2.68798600575695
-7.16054601120617 8.78355434844474
-5.63702802175229 0.693970652151979
-7.99430733717023 1.06559654026818
3.73076880739249 -8.31463889202708
-2.27227254015349 5.18932000888368
-10.1913979318736 5.37184119924444
5.69413806118149 1.79515248732546
-8.62395134375694 -5.18653092133116
4.57552694160229 4.26215829087772
-6.78922029094204 4.12743311578215
1.61697310640457 13.888428520099
-0.288095708454067 -5.38138477205425
4.34711220113645 3.4156147644585
6.29333197755044 2.17719004078945
-4.89133690260071 0.858238917529283
2.83886768578345 3.44996241467814
8.0434681988727 5.25469380391435
1.30741197145264 1.96390010198757
2.4031592021535 2.36772823999813
-1.68852573603008 -0.0272667454305265
0.961391531919622 -5.20543041602255
-4.76125274905786 4.4575743642764
-19.5056682776221 0.85469527990492
4.61528413185079 1.37171411138608
-0.0963418426486079 -5.34157695763834
6.74046149581858 2.93921993064493
-4.98263793576228 1.89764324240304
-3.596941070657 4.24786125210856
-2.76638410801433 5.5302669569479
0.0601395516057738 -3.30234211652622
-3.23150281812167 -5.02137491087198
0.189552292518429 -7.52772108567157
-2.69817079036393 3.33284569062443
-7.74581338639518 0.234731651921256
2.21987398849017 -5.1001650654838
0.668207454047948 -6.83650906643809
-0.768356297804371 -6.46904356237956
-11.5121877329618 -4.31329538325822
0.741219193387945 -6.75291770444016
5.11531612454384 5.52459302397839
3.71207455620376 1.60620256967044
3.63150579481588 4.55235698067668
-10.859217676676 0.0534748352541676
2.04898227306177 0.599852510805693
-5.82545682997602 1.61484005978649
-5.99165766341703 16.4236974406649
1.19748504052516 -4.33651566035373
-4.41664711702835 4.90466396515269
-0.625523845436543 -2.78843415419494
-11.2602673473552 -2.04946678168327
13.2561114936714 -2.62718531131414
-2.50459036381846 -6.42306935625437
-4.488573641999 5.74974972056568
-9.60049161535804 4.21168259281244
-5.36092612085257 5.47089797032709
-8.86350763717112 -3.22723578441074
-3.2079647921048 1.72698161887405
4.43671525418287 0.84490994267638
0.0624684246037017 -8.13070780820173
-4.84778006677525 5.25962650953793
-3.22249642963124 3.1320450342206
1.56370118414005 -6.29283950247664
6.58940706423571 4.05032010265636
-4.30544961400327 -2.29655840817683
-3.61092767157858 4.26275707282467
5.77113325255387 1.3152426286827
4.05889190412079 3.64357628924642
-1.20183365451721 -4.64953365699817
5.02110350160706 1.69847018402197
-2.80994982081554 15.4932711416116
2.19602691427446 -5.71851121671415
0.805327106716897 -6.28684732066416
6.27449666846326 3.9341848164704
4.00750604130181 2.63796420352494
5.07022492675333 4.43740278763245
3.38858598912279 4.68331892553883
4.82196965234296 4.5073162219524
8.50577959387144 -0.440111032111612
0.553465013522095 -6.48099811575745
-8.04334636378059 -1.3357573466514
-5.32423265838937 3.36347985329255
0.946594443180363 -5.93973759350775
4.16049950462909 4.17089849602267
-7.02253441656549 2.87010032119571
-6.51748161569599 8.6566024260799
-5.4249354749245 9.1266588253808
7.11542646755966 2.93229455521305
-6.91678701183993 5.12802158696686
7.39797467679909 6.07342096579035
2.77475050432873 -6.91115137531652
-3.63423822334199 9.57111041467978
-11.434651407006 12.9712854311003
-4.57583135706233 1.9570879591903
-0.331752417235004 -6.83482494568165
-2.38625104768132 4.293548613326
-6.51687059730013 3.48938075796363
0.974544992853409 4.39807768776005
-6.79647157666203 0.862166787596905
-8.14777255469065 3.01204494285419
-6.27995386465433 2.21067771881299
6.47837900533506 1.98107929166381
-5.45941040937217 0.498622915626516
4.41429021604632 -0.439395969469827
4.00274164562314 -4.7017154405173
-6.47876016739484 3.49149094505326
-5.57814460018078 2.89110348863834
-5.55574763626572 2.26407722843575
-0.995442751541012 2.41816363621871
5.5668097048808 2.64911762910434
-1.4573399173952 -5.61649242084638
-2.96734813972247 -0.476876753488527